# start duration hex_buttons A B LX LY RX RY
150 30 0 255 0 0 0 0 0
400 30 0 255 0 0 0 0 0
700 30 0 255 0 0 0 0 0
1000 30 0 255 0 0 0 0 0
1300 30 0 255 0 0 0 0 0
1600 30 0 255 0 0 0 0 0
1750 25 2 0 0 0 0 0 0
1790 25 0 255 0 0 0 0 0
2050 25 2 0 0 0 0 0 0
2090 25 0 255 0 0 0 0 0
2350 25 2 0 0 0 0 0 0
2390 25 0 255 0 0 0 0 0
2650 20 2 0 0 0 0 0 0
2685 20 1 0 0 0 0 0 0
2720 200 0 255 0 0 0 0 0
3050 20 2 0 0 0 0 0 0
3085 20 1 0 0 0 0 0 0
3120 200 0 255 0 0 0 0 0
3450 20 2 0 0 0 0 0 0
3485 20 1 0 0 0 0 0 0
3520 200 0 255 0 0 0 0 0

# Equal forward/back trials after the Farm player and camera exist.
4000 240 0 0 0 0 32767 0 0
4300 240 0 0 0 0 -32768 0 0
