# Replays the visible recomp session's controller edges through the Hangar
# menus into the Archives display. Extended fields are:
# frame duration buttons A B X left-x left-y right-x right-y Y black white LT RT
7318 8 0 255 0 0 0 0 0 0 0 0 0 0 0
7369 4 0 255 0 0 0 0 0 0 0 0 0 0 0
7534 7 1 0 0 0 0 0 0 0 0 0 0 0 0
7606 6 0 255 0 0 0 0 0 0 0 0 0 0 0
7646 7 2 0 0 0 0 0 0 0 0 0 0 0 0
7661 6 1 0 0 0 0 0 0 0 0 0 0 0 0
7692 6 0 255 0 0 0 0 0 0 0 0 0 0 0
7925 7 0 255 0 0 0 0 0 0 0 0 0 0 0
7956 6 2 0 0 0 0 0 0 0 0 0 0 0 0
7962 1 2 255 0 0 0 0 0 0 0 0 0 0 0
7963 6 0 255 0 0 0 0 0 0 0 0 0 0 0
8056 6 0 255 0 0 0 0 0 0 0 0 0 0 0
8114 7 1 0 0 0 0 0 0 0 0 0 0 0 0
8121 8 0 255 0 0 0 0 0 0 0 0 0 0 0
8252 9 0 255 0 0 0 0 0 0 0 0 0 0 0
8288 9 0 0 255 0 0 0 0 0 0 0 0 0 0
8364 9 0 0 255 0 0 0 0 0 0 0 0 0 0
8451 8 0 255 0 0 0 0 0 0 0 0 0 0 0
8498 6 0 0 255 0 0 0 0 0 0 0 0 0 0
8532 7 1 0 0 0 0 0 0 0 0 0 0 0 0
8544 6 0 255 0 0 0 0 0 0 0 0 0 0 0
