# Exercise one Furonigami item and one Propaganda bonus-gallery item.
318 8 0 255 0 0 0 0 0 0 0 0 0 0 0
369 4 0 255 0 0 0 0 0 0 0 0 0 0 0
534 7 1 0 0 0 0 0 0 0 0 0 0 0 0
606 6 0 255 0 0 0 0 0 0 0 0 0 0 0
646 7 2 0 0 0 0 0 0 0 0 0 0 0 0
661 6 1 0 0 0 0 0 0 0 0 0 0 0 0
692 6 0 255 0 0 0 0 0 0 0 0 0 0 0
925 7 0 255 0 0 0 0 0 0 0 0 0 0 0
956 6 2 0 0 0 0 0 0 0 0 0 0 0 0
962 1 2 255 0 0 0 0 0 0 0 0 0 0 0
963 6 0 255 0 0 0 0 0 0 0 0 0 0 0
1050 6 1 0 0 0 0 0 0 0 0 0 0 0 0
1065 7 0 255 0 0 0 0 0 0 0 0 0 0 0
1180 7 0 255 0 0 0 0 0 0 0 0 0 0 0
1240 6 8 0 0 0 0 0 0 0 0 0 0 0 0
1300 7 0 255 0 0 0 0 0 0 0 0 0 0 0
1380 7 0 255 0 0 0 0 0 0 0 0 0 0 0
1500 7 0 0 255 0 0 0 0 0 0 0 0 0 0
1560 7 0 0 255 0 0 0 0 0 0 0 0 0 0
1650 6 8 0 0 0 0 0 0 0 0 0 0 0 0
1710 7 0 255 0 0 0 0 0 0 0 0 0 0 0
1790 7 0 255 0 0 0 0 0 0 0 0 0 0 0
1910 7 0 0 255 0 0 0 0 0 0 0 0 0 0
1970 7 0 0 255 0 0 0 0 0 0 0 0 0 0
