# Same verified Hangar/Archives route as archives_live_route_probe.txt, with
# the user's initial idle time removed for fast hidden renderer regression.
318 8 0 255 0 0 0 0 0 0 0 0 0 0 0
369 4 0 255 0 0 0 0 0 0 0 0 0 0 0
534 7 1 0 0 0 0 0 0 0 0 0 0 0 0
606 6 0 255 0 0 0 0 0 0 0 0 0 0 0
646 7 2 0 0 0 0 0 0 0 0 0 0 0 0
661 6 1 0 0 0 0 0 0 0 0 0 0 0 0
692 6 0 255 0 0 0 0 0 0 0 0 0 0 0
925 7 0 255 0 0 0 0 0 0 0 0 0 0 0
956 6 2 0 0 0 0 0 0 0 0 0 0 0 0
962 1 2 255 0 0 0 0 0 0 0 0 0 0 0
963 6 0 255 0 0 0 0 0 0 0 0 0 0 0
1056 6 0 255 0 0 0 0 0 0 0 0 0 0 0
1114 7 1 0 0 0 0 0 0 0 0 0 0 0 0
1121 8 0 255 0 0 0 0 0 0 0 0 0 0 0
1252 9 0 255 0 0 0 0 0 0 0 0 0 0 0
1288 9 0 0 255 0 0 0 0 0 0 0 0 0 0
1364 9 0 0 255 0 0 0 0 0 0 0 0 0 0
1451 8 0 255 0 0 0 0 0 0 0 0 0 0 0
1498 6 0 0 255 0 0 0 0 0 0 0 0 0 0
1532 7 1 0 0 0 0 0 0 0 0 0 0 0 0
1544 6 0 255 0 0 0 0 0 0 0 0 0 0 0
