# Phase-aware fresh-profile route into Farm.
300 4 10 0 0 0 0 0 0
420 4 0 255 0 0 0 0 0
540 4 10 0 0 0 0 0 0
660 4 0 255 0 0 0 0 0
780 4 10 0 0 0 0 0 0
900 4 0 255 0 0 0 0 0

@frame
1200 6 10 0 0 0 0 0 0
1400 6 0 255 0 0 0 0 0
1700 6 0 255 0 0 0 0 0
2100 6 0 255 0 0 0 0 0
2300 6 10 0 0 0 0 0 0
2700 6 0 255 0 0 0 0 0
3000 6 0 255 0 0 0 0 0

@gameplay
# Complete the two mandatory cow scans so the tutorial no longer suppresses
# normal weapon use.
0 600 0 0 0 0 32767 0 0
620 2 0 255 0 0 0 0 0
624 96 0 255 0 0 32767 0 0
720 220 0 0 0 0 32767 0 0
960 20 0 0 0 0 0 0 0 0 0 0 0 255 0
980 180 0 255 0 0 0 0 0 0 0 0 0 255 0
1200 20 0 0 0 0 0 0 0 0 0 0 0 255 0
1220 180 0 255 0 0 0 0 0 0 0 0 0 255 0

# The internal sequence equips one weapon every 300 retail frames.
# Short LT bursts test primary fire while leaving teardown time between
# weapons. B edges cover Holobob and ability-style actions.
1850 30 0 0 0 0 0 0 0 0 0 0 0 255 0
2180 30 0 0 0 0 0 0 0 0 0 0 0 255 0
2510 30 0 0 0 0 0 0 0 0 0 0 0 255 0
2840 30 0 0 0 0 0 0 0 0 0 0 0 255 0
3170 30 0 0 0 0 0 0 0 0 0 0 0 255 0
3500 30 0 0 0 0 0 0 0 0 0 0 0 255 0
3505 4 0 0 255 0 0 0 0
3830 30 0 0 0 0 0 0 0 0 0 0 0 255 0
3835 4 0 0 255 0 0 0 0
4160 30 0 0 0 0 0 0 0 0 0 0 0 255 0
4490 30 0 0 0 0 0 0 0 0 0 0 0 255 0
4820 30 0 0 0 0 0 0 0 0 0 0 0 255 0
5150 30 0 0 0 0 0 0 0 0 0 0 0 255 0
5480 30 0 0 0 0 0 0 0 0 0 0 0 255 0
5810 30 0 0 0 0 0 0 0 0 0 0 0 255 0
6140 30 0 0 0 0 0 0 0 0 0 0 0 255 0
6470 30 0 0 0 0 0 0 0 0 0 0 0 255 0
