# Controller-only stress route. It deliberately behaves like an impatient
# player: short presses with full releases between them, no guest-memory or
# progression writes, and retries around every expected transition.
# Startup/logo/movie skip attempts while the retail frame counter may block.
300 4 10 0 0 0 0 0 0
420 4 0 255 0 0 0 0 0
540 4 10 0 0 0 0 0 0
660 4 0 255 0 0 0 0 0
780 4 10 0 0 0 0 0 0
900 4 0 255 0 0 0 0 0
1200 4 10 0 0 0 0 0 0
1500 4 0 255 0 0 0 0 0
1800 4 10 0 0 0 0 0 0
2100 4 0 255 0 0 0 0 0
2400 4 10 0 0 0 0 0 0
2700 4 0 255 0 0 0 0 0
3000 4 10 0 0 0 0 0 0
3300 4 0 255 0 0 0 0 0
3600 4 10 0 0 0 0 0 0
3720 4 0 255 0 0 0 0 0

@frame
# Rapidly enter New Game and keep retrying A/Start through load and cinematic
# boundaries. Sparse releases preserve normal button-edge semantics.
1200 5 10 0 0 0 0 0 0
1240 5 0 255 0 0 0 0 0
1280 5 10 0 0 0 0 0 0
1320 5 0 255 0 0 0 0 0
1400 5 0 255 0 0 0 0 0
1440 5 10 0 0 0 0 0 0
1480 5 0 255 0 0 0 0 0
1560 5 10 0 0 0 0 0 0
1640 5 0 255 0 0 0 0 0
1700 5 0 255 0 0 0 0 0
1740 5 10 0 0 0 0 0 0
1820 5 0 255 0 0 0 0 0
1940 5 10 0 0 0 0 0 0
2060 5 0 255 0 0 0 0 0
2100 5 0 255 0 0 0 0 0
2180 5 10 0 0 0 0 0 0
2260 5 0 255 0 0 0 0 0
2300 5 10 0 0 0 0 0 0
2380 5 0 255 0 0 0 0 0
2500 5 10 0 0 0 0 0 0
2620 5 0 255 0 0 0 0 0
2700 5 0 255 0 0 0 0 0
2780 5 10 0 0 0 0 0 0
2860 5 0 255 0 0 0 0 0
3000 5 10 0 0 0 0 0 0
3160 5 0 255 0 0 0 0 0
3320 5 10 0 0 0 0 0 0
3400 5 0 255 0 0 0 0 0
3480 5 10 0 0 0 0 0 0
3560 5 0 255 0 0 0 0 0
3720 5 10 0 0 0 0 0 0
3880 5 0 255 0 0 0 0 0
4040 5 10 0 0 0 0 0 0
4200 5 0 255 0 0 0 0 0
4300 5 0 255 0 0 0 0 0
4380 5 10 0 0 0 0 0 0
4460 5 0 255 0 0 0 0 0
4540 5 10 0 0 0 0 0 0
4620 5 0 255 0 0 0 0 0
4700 5 0 255 0 0 0 0 0
4780 5 10 0 0 0 0 0 0
4860 5 0 255 0 0 0 0 0
5000 5 10 0 0 0 0 0 0
5160 5 0 255 0 0 0 0 0
5320 5 10 0 0 0 0 0 0
5480 5 0 255 0 0 0 0 0
5640 5 10 0 0 0 0 0 0
5800 5 0 255 0 0 0 0 0
5960 5 10 0 0 0 0 0 0
6120 5 0 255 0 0 0 0 0
6280 5 10 0 0 0 0 0 0
6440 5 0 255 0 0 0 0 0
