# Controller-only cinematic barrage. Repeated short A, Start, and B presses
# attack every skippable boundary while preserving releases and retail logic.
# Poll-clock startup barrage.
240 3 0 255 0 0 0 0 0
360 3 10 0 0 0 0 0 0
480 3 0 0 255 0 0 0 0
600 3 0 255 0 0 0 0 0
720 3 10 0 0 0 0 0 0
840 3 0 0 255 0 0 0 0
960 3 0 255 0 0 0 0 0

@frame
# Dense shell/load/cinematic barrage, then continued impatient retries.
1080 3 10 0 0 0 0 0 0
1120 3 0 0 255 0 0 0 0
1160 3 0 255 0 0 0 0 0
1200 3 10 0 0 0 0 0 0
1240 3 0 0 255 0 0 0 0
1280 3 0 255 0 0 0 0 0
1320 3 10 0 0 0 0 0 0
1360 3 0 0 255 0 0 0 0
1400 3 0 255 0 0 0 0 0
1440 3 10 0 0 0 0 0 0
1480 3 0 0 255 0 0 0 0
1520 3 0 255 0 0 0 0 0
1560 3 10 0 0 0 0 0 0
1600 3 0 0 255 0 0 0 0
1640 3 0 255 0 0 0 0 0
1680 3 10 0 0 0 0 0 0
1720 3 0 0 255 0 0 0 0
1760 3 0 255 0 0 0 0 0
1800 3 10 0 0 0 0 0 0
1840 3 0 0 255 0 0 0 0
1880 3 0 255 0 0 0 0 0
1920 3 10 0 0 0 0 0 0
1960 3 0 0 255 0 0 0 0
2000 3 0 255 0 0 0 0 0
2040 3 10 0 0 0 0 0 0
2080 3 0 0 255 0 0 0 0
2120 3 0 255 0 0 0 0 0
2160 3 10 0 0 0 0 0 0
2240 3 0 0 255 0 0 0 0
2320 3 0 255 0 0 0 0 0
2400 3 10 0 0 0 0 0 0
2480 3 0 0 255 0 0 0 0
2560 3 0 255 0 0 0 0 0
2640 3 10 0 0 0 0 0 0
2720 3 0 0 255 0 0 0 0
2800 3 0 255 0 0 0 0 0
2880 3 10 0 0 0 0 0 0
2960 3 0 0 255 0 0 0 0
3040 3 0 255 0 0 0 0 0
3120 3 10 0 0 0 0 0 0
3200 3 0 0 255 0 0 0 0
3280 3 0 255 0 0 0 0 0
3360 3 10 0 0 0 0 0 0
3440 3 0 0 255 0 0 0 0
3520 3 0 255 0 0 0 0 0
3600 3 10 0 0 0 0 0 0
3680 3 0 0 255 0 0 0 0
3760 3 0 255 0 0 0 0 0
3840 3 10 0 0 0 0 0 0
3920 3 0 0 255 0 0 0 0
4000 3 0 255 0 0 0 0 0
4080 3 10 0 0 0 0 0 0
4160 3 0 0 255 0 0 0 0
4240 3 0 255 0 0 0 0 0
4320 3 10 0 0 0 0 0 0
4400 3 0 0 255 0 0 0 0
4480 3 0 255 0 0 0 0 0
4560 3 10 0 0 0 0 0 0
4640 3 0 0 255 0 0 0 0
4720 3 0 255 0 0 0 0 0
4800 3 10 0 0 0 0 0 0
4880 3 0 0 255 0 0 0 0
4960 3 0 255 0 0 0 0 0
5040 3 10 0 0 0 0 0 0
5120 3 0 0 255 0 0 0 0
5200 3 0 255 0 0 0 0 0
5280 3 10 0 0 0 0 0 0
5360 3 0 0 255 0 0 0 0
5440 3 0 255 0 0 0 0 0
5520 3 10 0 0 0 0 0 0
5600 3 0 0 255 0 0 0 0
5680 3 0 255 0 0 0 0 0
5760 3 10 0 0 0 0 0 0
5840 3 0 0 255 0 0 0 0
5920 3 0 255 0 0 0 0 0
6040 3 10 0 0 0 0 0 0
6160 3 0 0 255 0 0 0 0
6280 3 0 255 0 0 0 0 0
6400 3 10 0 0 0 0 0 0
6520 3 0 0 255 0 0 0 0
6640 3 0 255 0 0 0 0 0
6760 3 10 0 0 0 0 0 0
6880 3 0 0 255 0 0 0 0
7000 3 0 255 0 0 0 0 0
7120 3 10 0 0 0 0 0 0
7240 3 0 0 255 0 0 0 0
7360 3 0 255 0 0 0 0 0
7480 3 10 0 0 0 0 0 0
7600 3 0 0 255 0 0 0 0
7720 3 0 255 0 0 0 0 0
7840 3 10 0 0 0 0 0 0
7960 3 0 0 255 0 0 0 0
8080 3 0 255 0 0 0 0 0
8200 3 10 0 0 0 0 0 0
8320 3 0 0 255 0 0 0 0
8440 3 0 255 0 0 0 0 0
8560 3 10 0 0 0 0 0 0
8680 3 0 0 255 0 0 0 0
8800 3 0 255 0 0 0 0 0
8920 3 10 0 0 0 0 0 0
9040 3 0 0 255 0 0 0 0
9160 3 0 255 0 0 0 0 0
9280 3 10 0 0 0 0 0 0
9400 3 0 0 255 0 0 0 0
9520 3 0 255 0 0 0 0 0
9640 3 10 0 0 0 0 0 0
9760 3 0 0 255 0 0 0 0
9880 3 0 255 0 0 0 0 0

@gameplay
# Once controllable gameplay is proven, keep skipping and exercise control edges.
0 3 10 0 0 0 0 0 0
8 3 0 255 0 0 0 0 0
16 3 0 0 255 0 0 0 0
40 20 0 0 0 0 32767 0 0
80 20 0 0 0 0 -32768 0 0
120 20 0 0 0 32767 0 0 0
160 20 0 0 0 -32768 0 0 0
200 20 0 0 0 0 0 32767 0
240 20 0 0 0 0 0 -32768 0
280 10 0 0 0 0 0 0 0 0 0 0 0 0 255
320 10 0 0 0 0 0 0 0 0 0 0 0 255 0
360 3 10 0 0 0 0 0 0
368 3 0 255 0 0 0 0 0
