# Stable Rockwell landing/tutorial route followed by a wide clockwise camera
# sweep.  Earlier probes covered only ~24 degrees; the reference civilian by
# the car is roughly 90 degrees clockwise from the initial camera ray.
150 30 0 255 0 0 0 0 0
400 30 0 255 0 0 0 0 0
700 30 0 255 0 0 0 0 0
1000 30 0 255 0 0 0 0 0
1300 30 0 255 0 0 0 0 0
1600 30 0 255 0 0 0 0 0
1750 25 2 0 0 0 0 0 0
1790 25 0 255 0 0 0 0 0
2800 10 0 255 0 0 0 0 0
3100 10 0 255 0 0 0 0 0
3400 10 0 255 0 0 0 0 0
3500 192 0 0 0 16000 28000 0 0
3720 10 0 255 0 0 0 0 0
3750 18 0 0 0 0 0 12000 0
3780 110 0 0 0 0 30000 0 0
3890 6 0 0 255 0 0 0 0
3900 8 0 0 0 0 0 24000 0
3910 6 0 0 255 0 0 0 0
3920 8 0 0 0 0 0 24000 0
3930 6 0 0 255 0 0 0 0
3940 8 0 0 0 0 0 24000 0
3950 6 0 0 255 0 0 0 0
3960 8 0 0 0 0 0 24000 0
3970 6 0 0 255 0 0 0 0
3980 8 0 0 0 0 0 24000 0
3990 6 0 0 255 0 0 0 0
4000 8 0 0 0 0 0 24000 0
4010 6 0 0 255 0 0 0 0
4020 8 0 0 0 0 0 24000 0
4030 6 0 0 255 0 0 0 0
4040 8 0 0 0 0 0 24000 0
4050 6 0 0 255 0 0 0 0
4060 8 0 0 0 0 0 24000 0
4070 6 0 0 255 0 0 0 0
4080 8 0 0 0 0 0 24000 0
4090 6 0 0 255 0 0 0 0
4100 8 0 0 0 0 0 24000 0
4110 6 0 0 255 0 0 0 0
4120 8 0 0 0 0 0 24000 0
4130 6 0 0 255 0 0 0 0
4140 8 0 0 0 0 0 24000 0
4150 6 0 0 255 0 0 0 0
4160 8 0 0 0 0 0 24000 0
4170 6 0 0 255 0 0 0 0
4180 8 0 0 0 0 0 24000 0
4190 6 0 0 255 0 0 0 0
4200 8 0 0 0 0 0 24000 0
4210 6 0 0 255 0 0 0 0
4220 8 0 0 0 0 0 24000 0
4230 6 0 0 255 0 0 0 0
4240 8 0 0 0 0 0 24000 0
4250 6 0 0 255 0 0 0 0
4260 8 0 0 0 0 0 24000 0
4270 6 0 0 255 0 0 0 0
4280 8 0 0 0 0 0 24000 0
4290 90 0 0 255 0 0 0 0
