# Stable Rockwell landing/tutorial route followed by an incremental camera
# sweep.  Each short B pulse samples the retail Holobob selector at a distinct
# yaw while avoiding a long activation if the preceding ray misses.
150 30 0 255 0 0 0 0 0
400 30 0 255 0 0 0 0 0
700 30 0 255 0 0 0 0 0
1000 30 0 255 0 0 0 0 0
1300 30 0 255 0 0 0 0 0
1600 30 0 255 0 0 0 0 0
1750 25 2 0 0 0 0 0 0
1790 25 0 255 0 0 0 0 0
2800 10 0 255 0 0 0 0 0
3100 10 0 255 0 0 0 0 0
3400 10 0 255 0 0 0 0 0
3500 192 0 0 0 16000 28000 0 0
3720 10 0 255 0 0 0 0 0
3750 18 0 0 0 0 0 12000 0
3780 110 0 0 0 0 30000 0 0

3890 5 0 0 255 0 0 0 0
3910 8 0 0 0 0 0 24000 0
3920 5 0 0 255 0 0 0 0
3940 8 0 0 0 0 0 24000 0
3950 5 0 0 255 0 0 0 0
3970 8 0 0 0 0 0 24000 0
3980 5 0 0 255 0 0 0 0
4000 8 0 0 0 0 0 24000 0
4010 5 0 0 255 0 0 0 0
4030 8 0 0 0 0 0 24000 0
4040 30 0 0 255 0 0 0 0
