@frame
# Sweep clockwise from the live Rockwell tutorial view.  Pulse B after each
# camera step so the retail selector identifies the first usable civilian.
0 6 0 0 255 0 0 0 0
10 8 0 0 0 0 0 24000 0
20 6 0 0 255 0 0 0 0
30 8 0 0 0 0 0 24000 0
40 6 0 0 255 0 0 0 0
50 8 0 0 0 0 0 24000 0
60 6 0 0 255 0 0 0 0
70 8 0 0 0 0 0 24000 0
80 6 0 0 255 0 0 0 0
90 8 0 0 0 0 0 24000 0
100 6 0 0 255 0 0 0 0
110 8 0 0 0 0 0 24000 0
120 6 0 0 255 0 0 0 0
130 8 0 0 0 0 0 24000 0
140 6 0 0 255 0 0 0 0
150 8 0 0 0 0 0 24000 0
160 6 0 0 255 0 0 0 0
170 8 0 0 0 0 0 24000 0
180 6 0 0 255 0 0 0 0
190 8 0 0 0 0 0 24000 0
200 6 0 0 255 0 0 0 0
210 8 0 0 0 0 0 24000 0
220 6 0 0 255 0 0 0 0
230 8 0 0 0 0 0 24000 0
240 6 0 0 255 0 0 0 0
250 8 0 0 0 0 0 24000 0
260 6 0 0 255 0 0 0 0
270 8 0 0 0 0 0 24000 0
280 6 0 0 255 0 0 0 0
290 8 0 0 0 0 0 24000 0
300 6 0 0 255 0 0 0 0
310 8 0 0 0 0 0 24000 0
320 6 0 0 255 0 0 0 0
330 8 0 0 0 0 0 24000 0
340 6 0 0 255 0 0 0 0
350 8 0 0 0 0 0 24000 0
360 60 0 0 255 0 0 0 0
